              precision    recall  f1-score   support

        book       0.67      1.00      0.80         4
       drink       0.50      0.50      0.50         4
    computer       0.33      0.80      0.47         5
      before       0.50      0.25      0.33         4
       chair       0.50      0.67      0.57         3
          go       0.50      0.67      0.57         3
     clothes       1.00      0.67      0.80         3
         who       0.33      0.33      0.33         3
       candy       0.50      0.67      0.57         3
      cousin       0.50      0.33      0.40         3
        deaf       1.00      0.67      0.80         3
        fine       0.50      0.50      0.50         2
        help       0.50      1.00      0.67         3
          no       0.33      0.33      0.33         3
        thin       0.00      0.00      0.00         3
        walk       0.67      0.67      0.67         3
        year       1.00      0.67      0.80         3
         yes       0.33      0.33      0.33         3
         all       1.00      0.67      0.80         3
       black       1.00      0.67      0.80         3
        cool       0.50      0.50      0.50         2
      finish       1.00      0.50      0.67         2
         hot       0.25      0.33      0.29         3
        like       0.50      0.33      0.40         3
        many       0.43      1.00      0.60         3
      mother       0.00      0.00      0.00         3
         now       0.00      0.00      0.00         3
      orange       0.50      0.33      0.40         3
       table       1.00      1.00      1.00         3
thanksgiving       1.00      0.33      0.50         3
        what       0.00      0.00      0.00         3
       woman       0.33      0.33      0.33         3
         bed       1.00      1.00      1.00         2
        blue       1.00      1.00      1.00         2
     bowling       1.00      1.00      1.00         2
         can       1.00      1.00      1.00         2
         dog       0.60      1.00      0.75         3
      family       1.00      0.50      0.67         2
        fish       1.00      0.33      0.50         3
    graduate       0.00      0.00      0.00         2
         hat       0.33      0.50      0.40         2
     hearing       0.50      1.00      0.67         2
        kiss       1.00      0.33      0.50         3
    language       0.50      0.33      0.40         3
       later       0.33      0.50      0.40         2
         man       0.67      1.00      0.80         2
       shirt       1.00      1.00      1.00         3
       study       1.00      0.50      0.67         2
        tall       1.00      1.00      1.00         3
       white       0.67      1.00      0.80         2
       wrong       0.50      1.00      0.67         2
    accident       0.33      0.33      0.33         3
       apple       0.17      0.50      0.25         2
        bird       0.50      0.50      0.50         2
      change       0.67      1.00      0.80         2
       color       0.50      0.50      0.50         2
        corn       0.00      0.00      0.00         3
         cow       0.50      0.33      0.40         3
       dance       1.00      1.00      1.00         2
        dark       1.00      1.00      1.00         3
      doctor       0.25      0.33      0.29         3
         eat       0.00      0.00      0.00         2
       enjoy       0.67      1.00      0.80         2
      forget       0.50      0.50      0.50         2
        give       0.00      0.00      0.00         2
        last       0.67      0.67      0.67         3
        meet       1.00      0.50      0.67         2
        pink       0.67      0.67      0.67         3
       pizza       0.50      0.33      0.40         3
        play       0.50      0.50      0.50         2
      school       0.00      0.00      0.00         2
   secretary       0.50      0.67      0.57         3
       short       0.00      0.00      0.00         2
        time       1.00      0.50      0.67         2
        want       0.33      0.50      0.40         2
        work       0.67      1.00      0.80         2
      africa       1.00      0.33      0.50         3
  basketball       0.50      0.50      0.50         2
    birthday       0.67      0.67      0.67         3
       brown       1.00      0.50      0.67         2
         but       0.50      0.33      0.40         3
       cheat       0.50      0.50      0.50         2
        city       1.00      0.50      0.67         2
        cook       0.00      0.00      0.00         1
      decide       0.50      1.00      0.67         1
        full       1.00      1.00      1.00         1
         how       1.00      1.00      1.00         3
      jacket       0.67      1.00      0.80         2
      letter       1.00      0.50      0.67         2
    medicine       0.33      0.50      0.40         2
        need       0.00      0.00      0.00         1
       paint       1.00      0.50      0.67         2
       paper       0.50      0.50      0.50         2
        pull       0.50      0.50      0.50         2
      purple       1.00      1.00      1.00         2
       right       0.00      0.00      0.00         2
        same       0.67      0.67      0.67         3
         son       1.00      0.50      0.67         2
        tell       1.00      0.50      0.67         2
    thursday       0.00      0.00      0.00         1

    accuracy                           0.55       249
   macro avg       0.59      0.55      0.54       249
weighted avg       0.59      0.55      0.54       249
