              precision    recall  f1-score   support

        book       0.50      1.00      0.67         4
       drink       1.00      0.25      0.40         4
    computer       0.25      0.20      0.22         5
      before       0.50      0.25      0.33         4
       chair       0.29      0.67      0.40         3
          go       0.50      0.67      0.57         3
     clothes       1.00      0.67      0.80         3
         who       0.00      0.00      0.00         3
       candy       0.33      0.33      0.33         3
      cousin       0.00      0.00      0.00         3
        deaf       0.50      0.33      0.40         3
        fine       0.00      0.00      0.00         2
        help       0.50      0.67      0.57         3
          no       0.20      0.33      0.25         3
        thin       0.00      0.00      0.00         3
        walk       0.33      0.67      0.44         3
        year       1.00      0.33      0.50         3
         yes       0.00      0.00      0.00         3
         all       0.00      0.00      0.00         3
       black       1.00      0.67      0.80         3
        cool       0.50      0.50      0.50         2
      finish       0.00      0.00      0.00         2
         hot       0.50      0.33      0.40         3
        like       1.00      0.33      0.50         3
        many       0.38      1.00      0.55         3
      mother       0.00      0.00      0.00         3
         now       0.00      0.00      0.00         3
      orange       0.25      0.33      0.29         3
       table       0.60      1.00      0.75         3
thanksgiving       0.00      0.00      0.00         3
        what       0.00      0.00      0.00         3
       woman       0.25      0.33      0.29         3
         bed       0.50      0.50      0.50         2
        blue       0.67      1.00      0.80         2
     bowling       0.00      0.00      0.00         2
         can       1.00      1.00      1.00         2
         dog       0.17      0.33      0.22         3
      family       0.00      0.00      0.00         2
        fish       0.00      0.00      0.00         3
    graduate       0.00      0.00      0.00         2
         hat       0.20      0.50      0.29         2
     hearing       1.00      0.50      0.67         2
        kiss       0.67      0.67      0.67         3
    language       0.00      0.00      0.00         3
       later       0.33      0.50      0.40         2
         man       1.00      0.50      0.67         2
       shirt       0.67      0.67      0.67         3
       study       0.00      0.00      0.00         2
        tall       0.00      0.00      0.00         3
       white       0.25      0.50      0.33         2
       wrong       0.33      0.50      0.40         2
    accident       1.00      0.33      0.50         3
       apple       0.00      0.00      0.00         2
        bird       0.33      0.50      0.40         2
      change       0.50      0.50      0.50         2
       color       0.33      0.50      0.40         2
        corn       1.00      0.33      0.50         3
         cow       0.50      0.33      0.40         3
       dance       0.50      1.00      0.67         2
        dark       0.67      0.67      0.67         3
      doctor       0.50      0.67      0.57         3
         eat       0.00      0.00      0.00         2
       enjoy       1.00      0.50      0.67         2
      forget       0.00      0.00      0.00         2
        give       0.00      0.00      0.00         2
        last       0.50      0.67      0.57         3
        meet       0.50      0.50      0.50         2
        pink       0.50      0.33      0.40         3
       pizza       0.50      0.33      0.40         3
        play       0.00      0.00      0.00         2
      school       0.25      0.50      0.33         2
   secretary       0.67      0.67      0.67         3
       short       0.00      0.00      0.00         2
        time       0.00      0.00      0.00         2
        want       0.00      0.00      0.00         2
        work       0.33      0.50      0.40         2
      africa       0.00      0.00      0.00         3
  basketball       0.50      1.00      0.67         2
    birthday       0.50      0.33      0.40         3
       brown       0.00      0.00      0.00         2
         but       0.00      0.00      0.00         3
       cheat       0.50      0.50      0.50         2
        city       0.00      0.00      0.00         2
        cook       0.00      0.00      0.00         1
      decide       0.00      0.00      0.00         1
        full       0.00      0.00      0.00         1
         how       0.43      1.00      0.60         3
      jacket       0.33      0.50      0.40         2
      letter       1.00      0.50      0.67         2
    medicine       0.00      0.00      0.00         2
        need       0.00      0.00      0.00         1
       paint       0.67      1.00      0.80         2
       paper       0.00      0.00      0.00         2
        pull       0.33      0.50      0.40         2
      purple       0.25      0.50      0.33         2
       right       0.00      0.00      0.00         2
        same       0.50      0.33      0.40         3
         son       1.00      0.50      0.67         2
        tell       0.25      0.50      0.33         2
    thursday       0.00      0.00      0.00         1

    accuracy                           0.35       249
   macro avg       0.34      0.34      0.31       249
weighted avg       0.36      0.35      0.33       249
